RTSizer 1-1_PEO2M_5_numd_av.psd ==> C:\Users\local2\Desktop\1-1_PEO2M_5_numd_av.txt
Company = 
31 Mar 2025 18:05:20.9891 <> 31 Mar 2025 18:05:21.9923

*********************************************
Sample : Paint gun
Start+5.9891 (s) ::  +6.9923 (s)     
*********************************************
Instrument = Spray
Lens = 300mm
Detector = Spraytec
Particulate Refractive Index = 1.33 + 0.000i
Dispersant Refractive Index = 1.00
Path Length = 100.00000 (mm)
Particle Density = 1.00 (gm/cc)
Mesh Factor = 0 (%)
Wavelength =  632.8 (nm)
Beam Diameter = 10.00 (mm)
Qe = 2.0418
Qs = 2.0418
Psf = 0.8648
Ps = 0.8648

*********************************************
! Low Scattering Signal

Source file: Paint gun 1.psh
10032 Records Averaged 0 Records Skipped
PCV,X,Xavg,Â±,Xmin,Xmax,Xc=X
Trans,---,97.0927734375,0.496711015701,95.3872375488,97.9969406128,---
Dn(10),---,7.17768573761,6.51435518265,0.795536339283,48.6085739136,---
Dn(50),---,10.952624321,9.94575595856,1.03181970119,71.8651657104,---
Dn(90),---,56.6900291443,29.4473743439,1.33247208595,125.160774231,---
%N < 10µ,---,42.577671051,35.2542915344,0,99.9204483032,---
D[4][3],---,198.958129883,27.6303386688,127.122215271,404.766906738,---
D[3][2],---,109.839813232,12.262796402,66.8535919189,180.200393677,---
Cv,---,10.5811376572,1.86019861698,5.6812748909,19.6539382935,---
Span,---,4.52059173584,2.13223052025,0.113290801644,6.0568780899,---

%N,%N < D,D
0,0,0.116592
0,0,0.135936
0,0,0.15849
0,0,0.184785
0,0,0.215444
0,0,0.251189
0,0,0.292865
0,0,0.341456
0,0,0.398108
0,0,0.46416
0,0,0.541171
0,0,0.630959
0,0,0.735644
0,0,0.857698
0,0,1
0,0,1.16592
0,0,1.35936
0,0,1.5849
0,0,1.84785
0,0,2.15444
0,0,2.51189
0,0,2.92865
0,0,3.41456
0,0,3.98108
0,0,4.6416
0.000717217,0.000717217,5.41171
0.00978692,0.0105041,6.30959
0.111974,0.122478,7.35644
0.154433,0.27691,8.57698
0.148868,0.425778,10
0.118281,0.544059,11.6592
0.0811995,0.625259,13.5936
0.0494944,0.674753,15.849
0.0287,0.703453,18.4785
0.0192379,0.722691,21.5444
0.0184952,0.741186,25.1189
0.0226727,0.763859,29.2865
0.0281466,0.792005,34.1456
0.0323116,0.824317,39.8108
0.0338554,0.858172,46.416
0.0325861,0.890759,54.1171
0.0290523,0.919811,63.0959
0.0241411,0.943952,73.5644
0.0187723,0.962724,85.7698
0.0136909,0.976415,100
0.0093703,0.985786,116.592
0.00601967,0.991805,135.936
0.00364489,0.99545,158.49
0.00208615,0.997536,184.785
0.00114,0.998676,215.444
0.000606262,0.999283,251.189
0.000322714,0.999605,292.865
0.000176499,0.999782,341.456
9.96431e-05,0.999881,398.108
5.67932e-05,0.999938,464.16
3.16808e-05,0.99997,541.171
1.68702e-05,0.999987,630.959
8.37512e-06,0.999995,735.644
3.6707e-06,0.999999,857.698
1.23649e-06,1,1000
Detector,Sr,Sc,Bl,Bd
0,28107.2,28108,28949.7,109.684
1,1138.32,540.351,636.027,111.871
2,1125.24,582.204,539.155,136.797
3,1172.82,631.863,586.763,108.999
4,1148.52,671.127,432.667,112.068
5,1042.83,651.674,455.184,106.058
6,1079.32,660.932,382.977,124.961
7,927.805,641.226,344.964,135.24
8,995.064,678.545,284.534,105.629
9,901.119,633.967,271.671,106.442
10,812.467,538.837,282.4,126.878
11,683.506,447.582,247.683,124.635
12,581.433,371.948,212.289,123.075
13,499.731,289.852,218.771,124.003
14,378.661,219.182,167.052,114
15,299.171,166.089,138.341,110.817
16,247.1,122.631,128.099,128.01
17,158.065,83.3213,80.0849,110.753
18,132.69,62.5319,71.642,121.084
19,91.42,42.2956,51.9801,104.263
20,78.1864,31.954,47.7378,133.672
21,56.5096,24.2593,33.3122,135.077
22,47.4763,17.9458,30.6292,111.578
23,33.7839,14.0975,20.2983,134.702
24,29.6589,10.9141,19.3682,146.966
25,21.949,8.7914,13.6382,99.2346
26,19.4949,8.16636,11.6693,131.924
27,17.9505,7.76645,10.4918,121.429
28,16.4357,7.56245,9.14642,117.445
29,16.0462,7.71215,8.59038,130.55
30,16.1737,8.28549,8.12353,129.113
31,16.6079,9.03935,7.79036,126.001
32,16.1804,9.67426,6.69774,110.819
33,16.7099,10.2472,6.65282,123.7
34,16.8061,11.275,5.69386,145.966
35,11.7576,7.80108,4.07309,132.163
36,9.19821,6.29646,2.98721,120.628
37,1036.65,0,1036.68,0
