RTSizer 1-32_PEO2M_5_numd_av3.psd ==> \\tsclient\Shared\1-32_PEO2M_5_numd_av3.txt
Company = 
31 Mar 2025 18:05:23.0268 <> 31 Mar 2025 18:05:24.0171

*********************************************
Sample : Paint gun
Start+8.0268 (s) ::  +9.0171 (s)     
*********************************************
Instrument = Spray
Lens = 300mm
Detector = Spraytec
Particulate Refractive Index = 1.33 + 0.000i
Dispersant Refractive Index = 1.00
Path Length = 100.00000 (mm)
Particle Density = 1.00 (gm/cc)
Mesh Factor = 0 (%)
Wavelength =  632.8 (nm)
Beam Diameter = 10.00 (mm)
Qe = 2.0248
Qs = 2.0248
Psf = 0.8640
Ps = 0.8640

*********************************************
! Low Scattering Signal

Source file: Paint gun 1.psh
9903 Records Averaged 0 Records Skipped
PCV,X,Xavg,Â±,Xmin,Xmax,Xc=X
Trans,---,98.6446228027,0.101867228746,98.5150680542,98.9196166992,---
Dn(10),---,65.7512512207,8.25839233398,1.37198257446,70.7593460083,---
Dn(50),---,94.9526596069,11.8273963928,1.65592026711,101.367485046,---
Dn(90),---,159.307220459,19.5459804535,1.79205656052,167.944473267,---
%N < 10µ,---,0,11.9487409592,0,99.9672012329,---
D[4][3],---,274.2784729,9.37866210938,235.47756958,293.95211792,---
D[3][2],---,177.109161377,8.82647895813,112.804634094,188.310241699,---
Cv,---,7.95774555206,0.517427742481,3.67882037163,8.4635925293,---
Span,---,0.985290646553,0.0966240093112,0.108401820064,1.07440757751,---

%N,%N < D,D
0,0,0.116592
0,0,0.135936
0,0,0.15849
0,0,0.184785
0,0,0.215444
0,0,0.251189
0,0,0.292865
0,0,0.341456
0,0,0.398108
0,0,0.46416
0,0,0.541171
0,0,0.630959
0,0,0.735644
0,0,0.857698
0,0,1
0,0,1.16592
0,0,1.35936
0,0,1.5849
0,0,1.84785
0,0,2.15444
0,0,2.51189
0,0,2.92865
0,0,3.41456
0,0,3.98108
0,0,4.6416
0,0,5.41171
0,0,6.30959
0,0,7.35644
0,0,8.57698
0,0,10
0,0,11.6592
0,0,13.5936
0,0,15.849
0,0,18.4785
0,0,21.5444
0,0,25.1189
0,0,29.2865
0,0,34.1456
0,0,39.8108
0,0,46.416
0.00108222,0.00108222,54.1171
0.0669303,0.0680126,63.0959
0.138192,0.206205,73.5644
0.175165,0.38137,85.7698
0.176382,0.557751,100
0.150982,0.708734,116.592
0.11327,0.822003,135.936
0.075913,0.897916,158.49
0.0460182,0.943934,184.785
0.0256425,0.969577,215.444
0.0135106,0.983087,251.189
0.00706613,0.990153,292.865
0.00390093,0.994054,341.456
0.00235423,0.996409,398.108
0.00151474,0.997923,464.16
0.000976109,0.998899,541.171
0.00059249,0.999492,630.959
0.000320754,0.999813,735.644
0.000143182,0.999956,857.698
4.40451e-05,1,1000
Detector,Sr,Sc,Bl,Bd
0,28554.5,28557.2,28949.6,109.685
1,1062.27,480.978,636.037,111.871
2,1053.22,470.041,539.152,136.798
3,988.239,459.615,586.77,108.999
4,952.417,465.471,432.665,112.067
5,837.661,444.229,455.174,106.059
6,897.652,455.556,382.986,124.96
7,697.215,409.152,344.963,135.24
8,745.528,419.05,284.547,105.629
9,615.379,349.251,271.676,106.441
10,528.437,253.122,282.392,126.878
11,422.772,179.871,247.675,124.635
12,330.759,122.26,212.297,123.074
13,290.154,75.9816,218.775,124.003
14,206.201,45.1809,167.056,114
15,173.384,36.0328,138.335,110.816
16,154.343,28.1121,128.097,128.01
17,100.829,21.7969,80.0833,110.753
18,87.4093,16.3596,71.6422,121.083
19,60.676,10.1923,51.9781,104.263
20,57.5652,10.0819,47.7377,133.672
21,41.1342,8.20286,33.3116,135.076
22,36.1311,6.24529,30.6295,111.578
23,28.2599,7.91381,20.2982,134.702
24,25.7225,6.52812,19.368,146.966
25,17.5698,4.28012,13.6378,99.2343
26,16.4246,4.86593,11.6689,131.925
27,15.4695,5.08989,10.4915,121.429
28,14.022,4.99739,9.14691,117.444
29,13.7372,5.26095,8.59048,130.551
30,13.978,5.95201,8.12378,129.113
31,14.3019,6.60537,7.7904,126.001
32,13.7409,7.12609,6.69763,110.818
33,14.6008,8.03023,6.65299,123.7
34,12.6173,6.99392,5.69396,145.965
35,7.65915,3.63652,4.07314,132.163
36,4.48699,1.42149,2.98712,120.628
37,1036.64,0,1036.67,0
