RTSizer 1-4_PEO2M_3_numd_av.psd ==> C:\Users\local2\Desktop\1-4_PEO2M_3_numd_av.txt
Company = 
31 Mar 2025 17:11:57.5740 <> 31 Mar 2025 17:11:58.5694

*********************************************
Sample : Paint gun
Start+3.5740 (s) ::  +4.5694 (s)     
*********************************************
Instrument = Spray
Lens = 300mm
Detector = Spraytec
Particulate Refractive Index = 1.33 + 0.000i
Dispersant Refractive Index = 1.00
Path Length = 100.00000 (mm)
Particle Density = 1.00 (gm/cc)
Mesh Factor = 0 (%)
Wavelength =  632.8 (nm)
Beam Diameter = 10.00 (mm)
Qe = 2.1418
Qs = 2.1418
Psf = 0.8412
Ps = 0.8412

*********************************************
! Low Scattering Signal

Source file: Paint gun 1.psh
9954 Records Averaged 0 Records Skipped
PCV,X,Xavg,Â±,Xmin,Xmax,Xc=X
Trans,---,99.5189361572,0.126597329974,98.9730758667,99.5818710327,---
Dn(10),---,1.46695768833,12.2088813782,0.106872335076,47.9905433655,---
Dn(50),---,1.96456956863,17.0107345581,0.139308482409,51.9264259338,---
Dn(90),---,2.8196823597,62.7761726379,0.235007852316,248.703216553,---
%N < 10µ,---,99.8061828613,48.9857177734,0,99.9999313354,---
D[4][3],---,384.019592285,37.5812263489,149.464813232,427.397277832,---
D[3][2],---,174.839141846,63.6271133423,19.7299098969,303.822998047,---
Cv,---,2.62437272072,1.2314902544,0.522298574448,7.35125494003,---
Span,---,0.688560307026,1.19228649139,0.108236134052,12.8122377396,---

%N,%N < D,D
0,0,0.116592
0,0,0.135936
0,0,0.15849
0,0,0.184785
0,0,0.215444
0,0,0.251189
0,0,0.292865
0,0,0.341456
0,0,0.398108
0,0,0.46416
0,0,0.541171
3.45365e-13,3.45365e-13,0.630959
4.23596e-08,4.23599e-08,0.735644
2.64453e-06,2.68689e-06,0.857698
0.000351644,0.000354331,1
0.00656596,0.00692029,1.16592
0.0422158,0.0491361,1.35936
0.129385,0.178521,1.5849
0.222196,0.400717,1.84785
0.2392,0.639917,2.15444
0.17802,0.817937,2.51189
0.100753,0.91869,2.92865
0.0466044,0.965294,3.41456
0.0192838,0.984578,3.98108
0.00810984,0.992688,4.6416
0.00356073,0.996249,5.41171
0.00142452,0.997673,6.30959
0.000357974,0.998031,7.35644
3.05974e-05,0.998062,8.57698
-4.74904e-08,0.998062,10
4.59763e-09,0.998062,11.6592
0,0.998062,13.5936
4.58693e-07,0.998062,15.849
3.03021e-05,0.998093,18.4785
0.000153006,0.998246,21.5444
0.000248458,0.998494,25.1189
0.000293854,0.998788,29.2865
0.00028965,0.999078,34.1456
0.000249149,0.999327,39.8108
0.000190909,0.999518,46.416
0.000131876,0.99965,54.1171
8.34229e-05,0.999733,63.0959
5.02748e-05,0.999783,73.5644
3.17287e-05,0.999815,85.7698
2.39509e-05,0.999839,100
2.23034e-05,0.999861,116.592
2.28885e-05,0.999884,135.936
2.32031e-05,0.999907,158.49
2.21562e-05,0.999929,184.785
1.96618e-05,0.999949,215.444
1.61851e-05,0.999965,251.189
1.2371e-05,0.999978,292.865
8.79495e-06,0.999986,341.456
5.82876e-06,0.999992,398.108
3.60911e-06,0.999996,464.16
2.08929e-06,0.999998,541.171
1.12598e-06,0.999999,630.959
5.56521e-07,1,735.644
2.40387e-07,1,857.698
7.96358e-08,1,1000
Detector,Sr,Sc,Bl,Bd
0,29095.4,29094.5,29235.1,109.799
1,884.59,371.197,489.876,111.989
2,816.6,367.596,387.625,136.878
3,764.102,338.114,377.449,109.122
4,556.404,287.529,250.214,112.059
5,587.46,249.62,296.229,106.186
6,483.686,195.173,268.236,124.948
7,421.991,140.709,276.593,135.336
8,307.114,107.852,204.74,105.675
9,294.809,85.3591,212.005,106.488
10,257.621,71.3947,185.725,127
11,197.219,54.6276,143.947,124.624
12,141.378,40.1672,102.833,123.237
13,143.373,32.2565,112.87,123.957
14,96.9372,29.2786,66.4653,114.079
15,55.5873,21.1691,35.6734,110.886
16,51.336,16.8429,34.1695,128.113
17,40.0743,11.3517,29.4228,110.879
18,36.6853,8.77062,28.0148,121.209
19,24.2702,6.59656,17.9511,104.437
20,22.6511,5.68004,16.9849,133.789
21,19.837,4.37899,15.6193,135.037
22,15.6103,3.70376,11.9649,111.694
23,12.1707,3.07486,9.19133,134.799
24,10.8487,2.94786,7.93289,147.083
25,8.71152,2.72478,6.03923,99.3742
26,8.49921,2.79222,5.73725,132.125
27,8.89771,2.86507,6.07221,121.5
28,8.54115,3.07766,5.49663,117.57
29,8.35845,3.38043,5.00276,130.7
30,8.57222,3.58234,5.0131,129.262
31,8.22802,3.46649,4.79063,126.26
32,8.02156,3.52251,4.52539,111.184
33,7.56344,3.4025,4.1851,124.175
34,6.59328,2.82363,3.79165,146.542
35,3.72247,0.339513,2.96818,132.585
36,2.59126,0.0626979,2.26931,120.987
37,1039.37,0,1039.32,0
