RTSizer 1-32_PEO2M_5_numd_av2.psd ==> \\tsclient\Shared\1-32_PEO2M_5_numd_av2.txt
Company = 
31 Mar 2025 18:05:21.8899 <> 31 Mar 2025 18:05:22.7335

*********************************************
Sample : Paint gun
Start+6.8899 (s) ::  +7.7335 (s)     
*********************************************
Instrument = Spray
Lens = 300mm
Detector = Spraytec
Particulate Refractive Index = 1.33 + 0.000i
Dispersant Refractive Index = 1.00
Path Length = 100.00000 (mm)
Particle Density = 1.00 (gm/cc)
Mesh Factor = 0 (%)
Wavelength =  632.8 (nm)
Beam Diameter = 10.00 (mm)
Qe = 2.0286
Qs = 2.0286
Psf = 0.8645
Ps = 0.8645

*********************************************
! Low Scattering Signal

Source file: Paint gun 1.psh
8436 Records Averaged 0 Records Skipped
PCV,X,Xavg,Â±,Xmin,Xmax,Xc=X
Trans,---,98.153503418,0.165799409151,97.8134231567,98.4840545654,---
Dn(10),---,50.6475028992,23.5543327332,1.10021698475,57.5975990295,---
Dn(50),---,75.3714675903,35.0460128784,1.47270870209,84.4410934448,---
Dn(90),---,131.869552612,61.4693145752,1.56102907658,144.541397095,---
%N < 10µ,---,0,46.1835708618,0,99.9407730103,---
D[4][3],---,229.35307312,13.5237903595,166.898803711,267.424743652,---
D[3][2],---,145.506347656,19.5890617371,92.470085144,161.907424927,---
Cv,---,8.91211128235,1.14688336849,4.89431381226,9.73877334595,---
Span,---,1.0776232481,0.417153388262,0.108603946865,4.98711299896,---

%N,%N < D,D
0,0,0.116592
0,0,0.135936
0,0,0.15849
0,0,0.184785
0,0,0.215444
0,0,0.251189
0,0,0.292865
0,0,0.341456
0,0,0.398108
0,0,0.46416
0,0,0.541171
0,0,0.630959
0,0,0.735644
0,0,0.857698
0,0,1
0,0,1.16592
0,0,1.35936
0,0,1.5849
0,0,1.84785
0,0,2.15444
0,0,2.51189
0,0,2.92865
0,0,3.41456
0,0,3.98108
0,0,4.6416
0,0,5.41171
0,0,6.30959
0,0,7.35644
0,0,8.57698
0,0,10
0,0,11.6592
0,0,13.5936
0,0,15.849
0,0,18.4785
0,0,21.5444
0,0,25.1189
0,0,29.2865
0,0,34.1456
0.000550558,0.000550558,39.8108
0.0430665,0.0436171,46.416
0.111333,0.15495,54.1171
0.153656,0.308606,63.0959
0.165814,0.474419,73.5644
0.153279,0.627698,85.7698
0.125896,0.753594,100
0.0934951,0.847089,116.592
0.063379,0.910468,135.936
0.0395945,0.950063,158.49
0.0229531,0.973016,184.785
0.0125156,0.985532,215.444
0.00658167,0.992113,251.189
0.00346907,0.995582,292.865
0.00190478,0.997487,341.456
0.00110098,0.998588,398.108
0.000652108,0.99924,464.16
0.000380041,0.99962,541.171
0.000210538,0.999831,630.959
0.000107172,0.999938,735.644
4.69429e-05,0.999985,857.698
1.5076e-05,1,1000
Detector,Sr,Sc,Bl,Bd
0,28412.6,28414.4,28949,109.687
1,1092.73,498.073,636.02,111.871
2,1078.71,518.576,539.156,136.806
3,1083.35,544.991,586.763,108.999
4,1055.48,570.568,432.674,112.064
5,939.071,544.374,455.191,106.058
6,973.62,545.177,382.976,124.953
7,795.709,509.746,344.959,135.238
8,861.182,539.75,284.538,105.63
9,759.844,488.561,271.675,106.441
10,660.686,385.369,282.405,126.879
11,530.755,292.384,247.684,124.637
12,430.762,222.073,212.29,123.066
13,371.961,157.656,218.774,124.004
14,260.466,101.16,167.05,114
15,204.858,69.5133,138.339,110.814
16,171.497,46.6978,128.098,128.012
17,109.02,31.8377,80.0857,110.753
18,97.6758,26.296,71.6431,121.078
19,66.3687,16.4443,51.9794,104.265
20,60.9874,13.969,47.7377,133.68
21,44.2391,11.5059,33.3125,135.068
22,38.8557,9.11452,30.6299,111.577
23,30.2003,9.99796,20.2985,134.693
24,27.1248,8.0762,19.3681,146.96
25,18.9353,5.71643,13.6381,99.2316
26,17.5546,6.07047,11.6693,131.934
27,16.4715,6.16085,10.4918,121.437
28,15.0679,6.09167,9.14656,117.438
29,14.6489,6.22836,8.59043,130.559
30,14.9793,6.99914,8.12351,129.111
31,15.2965,7.64592,7.79026,126.001
32,14.8352,8.25821,6.69773,110.816
33,15.2667,8.73368,6.65285,123.691
34,14.7924,9.20115,5.69384,145.959
35,9.90611,5.90649,4.07306,132.17
36,5.99732,3.06385,2.98725,120.629
37,1036.58,0,1036.62,0
